% function [m1c,m2c,m3c] = new_traj()
clear
clc

t0 = [0 1 2 3 4 5 6 7];
tf = [1 2 3 4 5 6 7 8];
q0 = [0 -38.29 -45.56 -19.22 0 30.78 45.05 22.79; ...
      0 1.06 30.66 46.56 0 -3.49 15.75 24.45; ...
      0 -22.11 -1.4 13.77 0 -21.12 0.49 39.3].*pi/180;
qf = [-38.29 -45.56 -19.22 0 30.78 45.05 22.79 0; ...
      1.06 30.66 46.56 0 -3.49 15.75 24.45 0; ...
      -22.11 -1.4 13.77 0 -21.12 0.49 39.3 0].*pi/180;
v0 = 0;
vf = 0;

coeff = [];
for j=1:3
    for i=1:8
        temp = cubic_coeff(t0(i),tf(i),q0(j,i),qf(j,i),v0,vf);
        coeff = [coeff;temp];
    end
end

m1c = coeff(1:32);
m2c = coeff(33:64);
m3c = coeff(65:96);

% end

